50003
50004
50008
50012
50013
50014
50015
50020
50027
50038
50040
50041
50042
50102
50103
50104
50106
50107
50109
50110
50111
50112
50113
50114
50115
50116
50117
50118
50119
50120
50121
50122
50123
50124
50125
50126
50127
50128
50129
50130
50131
50132
50133
50134
50135
50142
50143
50144
50145
50146
50147
50148
50149
50150
50152
50153
50156
50157
50158
50159
50160
50161
50162
50163
50164
50167
50168
50169
50170
50171
50182
50183
50184
50185
50186
50187
50188
50189
50190
50191
50193
50194
50195
50196
50197
50198
50199
50200
50201
50202
50203
50204
50205
50206
50207
50208
50210
50211
50212
50213
50214
50215
50217
50233
50234
50235
50236
50237
50239
50240
50241
50242
50243
50245
50246
50247
50248
50249
50250
50251
50252
50253
50254
50255
50257
50259
50260
50261
50262
50263
50264
50265
50266
50267
50268
50269
50270
50271
50272
50273
50274
50275
50276
50277
50278
50281
50282
50283
50284
50285
50288
50289
50290
50291
50292
50293
50294
50295
50297
50298
50299
50300
50301
50302
50303
50304
50305
50307
50308
50310
50311
50312
50313
50314
50315
50316
50318
50319
50320
50321
50322
50324
50325
50326
50327
50329
50330
50331
50332
50333
50336
50337
50338
50339
50340
50341
50342
50343
50344
50345
50347
50348
50349
50350
50351
50352
50353
50354
50355
50356
50357
50358
50359
50360
50361
50362
50363
50364
50365
50366
50367
50368
50369
50370
50371
50372
50373
50374
50375
50376
50377
50379
50380
50381
50382
50383
50385
50386
50387
50388
50390
50391
50397
50399
50402
50403
50404
50405
50406
50407
50408
50410
50411
50412
50413
50414
50415
50416
50417
50418
50419
50421
50422
50424
50425
50426
50427
50428
50433
50434
50435
50436
50437
50438
50439
50440
50441
50442
50443
50444
50445
50446
50447
50448
50449
50453
50466
50467
50468
50469
50470
50477
50480
50481
50482
50483
50485
50486
50487
50488
50490
50491
50492
50493
50494
50496
50497
50498
50499
50500
50501
50502
50503
50504
50505
50507
50509
50510
50511
50516
50518
50519
50520
50521
50523
50524
50525
50526
50527
50528
50529
50530
50531
50532
50551
50552
50553
50555
50556
50557
50558
50559
50560
50561
50562
50563
50564
50565
50566
50567
50568
50569
50570
50571
50572
50573
50574
50575
50576
50577
50578
50601
50602
50603
50604
50605
50606
50607
50608
50609
50610
50611
50612
50613
50614
50615
50616
50617
50618
50619
50620
50621
50622
50623
50624
50625
50626
50627
50628
50642
50664
50665
50682
50683
50685
50686
50687
50688
50689
50690
50691
50692
50693
50694
50695
50696
50697
50698
50699
50700
50701
50702
50703
50704
50705
50706
50707
50708
50709
50711
50722
50723
50725
50726
50731
50735
50772
50773
50774
50775
50776
50777
50778
50779
50780
50781
50782
50783
50784
50785
50786
50787
50788
50789
50790
50791
50792
50793
50794
50795
50796
50797
50798
50799
50800
50801
50802
50803
50804
50807
50812
50814
50815
50816
50817
50818
50819
50820
50821
50822
50823
50824
50825
50826
50952
50954
50955
50956
50957
50958
50959
50960
50961
50962
50964
50965
50966
50967
50968
50969
50970
50972
50973
50974
50976
50978
50979
50981
50982
50984
50985
50986
50987
50988
50989
50991
50992
50993
50994
50995
50996
50999
51000
51001
51002
51003
51006
51007
51008
51009
51010
51011
51012
51013
51014
51015
51016
51017
51018
51019
51020
51021
51023
51024
51026
51027
51028
51029
51030
51032
51033
51034
51035
51036
51038
51039
51040
51041
51042
51044
51045
51046
51047
51048
51049
51050
51051
51052
51053
51054
51055
51056
51057
51058
51059
51060
51061
51062
51063
51064
51065
51066
51068
51069
51070
51071
51072
51073
51074
51075
51076
51077
51078
51079
51080
51081
51082
51083
51084
51085
51086
51087
51088
51089
51090
51091
51093
51094
51096
51097
51098
51099
51100
51101
51102
51103
51105
51106
51107
51109
51110
51111
51112
51113
51114
51118
51122
51126
51127
51128
51129
51130
51131
51132
51133
51134
51135
51136
51137
51138
51139
51140
51141
51142
51146
51147
51148
51150
51151
51152
51154
51155
51156
51159
51160
51161
51162
51163
51164
51166
51168
51169
51170
51173
51175
51177
51178
51179
51180
51182
51183
51184
51185
51186
51187
51188
51189
51190
51191
51192
51193
51194
51195
51196
51197
51198
51199
51201
51202
51203
51204
51205
51206
51207
51208
51209
51210
51211
51212
51213
51214
51215
51216
51217
51218
51219
51220
51221
51222
51223
51224
51225
51226
51227
51228
51229
51230
51231
51234
51235
51236
51237
51238
51239
51240
51241
51248
51249
51250
51251
51252
51253
51254
51255
51256
51257
51258
51260
51261
51262
51263
51264
51265
51266
51267
51269
51271
51272
51274
51275
51276
51278
51279
51280
51281
51282
51292
51296
51297
51298
51299
51300
51301
51302
51303
51305
51309
51313
51317
51322
51342
51349
51351
51352
51353
51354
51355
51356
51358
51359
51465
51480
51491
51583
