50038
50040
50041
50102
50103
50104
50106
50107
50109
50110
50111
50112
50113
50114
50115
50116
50117
50157
50158
50159
50160
50161
50162
50163
50164
50167
50168
50169
50170
50171
50193
50194
50195
50196
50197
50198
50199
50200
50201
50202
50203
50204
50205
50206
50208
50210
50211
50213
50214
50215
50217
50257
50259
50260
50261
50262
50263
50264
50265
50266
50267
50268
50269
50270
50271
50327
50329
50330
50331
50332
50333
50336
50337
50338
50339
50340
50341
50342
50343
50344
50345
50347
50348
50349
50350
50351
50352
50353
50354
50355
50356
50357
50358
50359
50360
50361
50362
50363
50364
50365
50366
50367
50368
50369
50370
50371
50372
50373
50374
50375
50376
50377
50379
50380
50381
50382
50383
50385
50386
50387
50388
50390
50391
50414
50415
50416
50417
50418
50419
50421
50422
50424
50425
50426
50427
50428
50433
50434
50435
50436
50437
50438
50439
50440
50441
50442
50443
50444
50445
50446
50447
50448
50449
50453
50467
50469
50470
50551
50552
50553
50555
50556
50557
50558
50559
50560
50561
50562
50563
50564
50565
50566
50567
50568
50569
50570
50571
50572
50573
50574
50575
50576
50577
50578
50664
50682
50683
50685
50687
50688
50691
50692
50698
50699
50701
50703
50706
50707
50709
50722
50723
50725
50726
50731
50735
50772
50773
50774
50775
50776
50777
50778
50779
50780
50781
50782
50783
50784
50785
50786
50787
50788
50789
50790
50812
50814
50816
50817
50818
50819
50820
50821
50822
51036
51038
51039
51040
51041
51042
51044
51045
51046
51047
51048
51049
51050
51051
51052
51053
51054
51055
51056
51057
51058
51059
51060
51061
51062
51063
51064
51065
51066
51069
51070
51071
51072
51073
51074
51075
51076
51077
51078
51079
51080
51081
51082
51083
51084
51085
51086
51087
51088
51089
51090
51091
51093
51094
51096
51097
51098
51099
51100
51101
51102
51103
51105
51106
51107
51109
51110
51111
51112
51113
51114
51118
51122
51126
51127
51128
51129
51130
51131
51132
51133
51134
51135
51136
51137
51138
51139
51140
51141
51142
51146
51147
51148
51150
51151
51152
51156
51159
51180
51182
51183
51184
51185
51186
51187
51188
51189
51190
51191
51192
51193
51194
51195
51196
51197
51198
51199
51250
51251
51252
51253
51254
51255
51256
51257
51258
51260
51261
51262
51263
51264
51265
51266
51267
51269
51271
51272
51274
51275
51276
51278
51279
51280
51281
51282
51303
51305
51309
51313
51342
51356
51358
51359
51480
