29198
28860
28877
29358
29500
29186
29734
29099
29330
29004
28985
29306
29379
29323
28882
29112
28896
29739
29405
29196
29385
29731
29289
29327
29366
29194
29423
29354
28976
29213
29305
29524
29331
29132
29237
29281
29416
29181
28862
29418
29504
29390
29746
28899
29507
29745
29371
29368
28953
29277
29753
28855
28958
28897
29395
29298
29000
29351
29353
28979
28968
29520
28936
28964
29200
29380
29344
29124
29286
29735
29359
29251
29407
30155
28969
28852
29508
28972
29352
29513
29349
29243
28954
28864
29334
28982
29133
28867
29362
29296
29193
29127
29740
29225
29224
29732
29218
29342
28875
28980
29245
29205
28996
29137
29206
28872
29343
28951
29389
29287
29522
29505
28885
29512
29190
29498
28871
29220
29383
30164
29376
28857
28880
28870
28904
29288
29345
29315
29250
29744
29241
29302
29363
29105
28893
28879
29361
28861
29187
29096
29109
29497
29525
28881
28891
29326
28876
29207
29103
29756
29202
29116
29521
28989
29106
29312
29254
29320
28907
29737
29195
28995
29275
29182
30154
29297
28944
28949
29189
28866
29325
29002
30162
29120
28935
29201
29232
28884
29231
28990
29422
28984
29495
29128
29301
28973
30158
29341
29107
28895
28993
28859
29188
29381
29135
29384
29003
29183
29392
29233
28998
29226
28894
28873
28888
28978
29104
28970
28939
29304
29221
29333
29247
29332
28961
28988
29111
29502
29527
28889
29340
29129
29123
29350
28960
29113
29399
29114
28874
29203
28906
29322
29246
29336
28903
29219
28902
29321
29131
28868
29373
29347
29420
29365
29308
29397
30159
29222
29523
28941
29117
29229
29356
29338
28924
28927
29228
29328
28987
29393
29290
29118
29248
29738
29253
29324
28883
28886
29415
29517
28863
28890
29191
29293
28986
29313
29185
29419
29234
29357
29317
30167
29335
29210
29408
28994
29518
29001
28974
28956
28940
29346
29501
29421
29374
29216
29192
29223
29370
28997
29291
29402
29369
28977
29386
29382
29387
29235
29211
30165
28858
29509
29364
29329
29754
29400
29122
28981
29337
28947
29212
30157
29242
28943
29506
29274
29375
29244
29204
29396
29197
29199
29519
28952
29178
29496
29179
28878
30166
28887
29249
28999
28909
29240
29747
29757
28955
29403
29184
29119
29526
29339
30160
29510
28901
29750
29730
28854
29177
29273
28900
30161
29214
29230
28920
28865
29239
29314
29404
28853
29378
29115
29209
28898
29499
29515
29516
29136
29238
28869
29355
28991
29309
28967
29130
29208
29511
29236
29121
29227
28908
29283
28905
