28877
29358
29330
29004
28985
29306
29379
29323
28882
29405
29327
29366
29423
29354
28976
29305
29524
29331
29132
29237
28862
29418
29390
29746
29745
29371
29368
28953
29753
29395
29298
29000
29351
29353
28979
29380
29124
29359
29251
29407
30155
28969
28852
29352
29513
29349
29243
28954
29334
28867
29362
29296
29225
29342
28980
29245
28996
29137
29343
28951
29505
29383
30164
28880
28870
28904
29345
29315
29250
29744
29241
29302
29363
28893
29361
28881
28891
29326
29756
28989
29312
29254
29320
30154
29297
28944
29325
29002
30162
29120
29232
29231
28990
29422
28984
29301
28973
30158
29341
28895
28993
29381
29135
29384
29003
29233
29226
28894
28888
28978
28970
29304
29333
29247
29332
28961
29527
28889
29340
29129
29123
29350
28960
29399
29322
29246
29336
28902
29321
29131
28868
29373
29347
29420
29365
29308
29397
30159
29229
29356
29338
29228
29328
29118
29248
29253
29324
28883
28886
28863
29313
29419
29234
29357
29317
30167
29335
28994
29001
28974
28956
29346
29421
29374
29370
29402
29369
28977
29386
29382
29387
29235
30165
28858
29364
29329
29754
29122
28981
29337
28947
30157
28943
29244
29396
28878
30166
29249
28999
29240
29747
29757
28955
29119
29339
30160
29750
28854
28900
30161
29230
29239
29314
29378
29499
29238
29355
28991
29309
29130
29236
29121
29227
